lcore           6       0           4       0
      1.90825     0.660196
      1.90711     0.675860
      1.90562     0.691855
      1.90408     0.707803
      1.90229     0.723644
      1.90920     0.732186
      1.23599     0.209189
      1.22578     0.215004
      1.21545     0.220388
      1.20499     0.225197
      1.19444     0.229469
      1.18352     0.230365
      1.32929    -0.699812
      1.31200    -0.711100
      1.29391    -0.720694
      1.27529    -0.728256
      1.25654    -0.733925
      1.23751    -0.736707
      1.43433    -0.863106
      1.41648    -0.896429
      1.39695    -0.935162
      1.37508    -0.980071
      1.35057     -1.03242
      1.29677     -1.13545
rcore           6       0           4       0
      1.43433    -0.863106
      1.41648    -0.896429
      1.39695    -0.935162
      1.37508    -0.980071
      1.35057     -1.03242
      1.29677     -1.13545
      1.59270    -0.878965
      1.59035    -0.905550
      1.58807    -0.932951
      1.58735    -0.959839
      1.58990    -0.984077
      1.60068     -1.00226
      2.16636    -0.359345
      2.17445    -0.360142
      2.18273    -0.360369
      2.19102    -0.360276
      2.19901    -0.360320
      2.20545    -0.363284
      1.90825     0.660196
      1.90711     0.675860
      1.90562     0.691855
      1.90408     0.707803
      1.90229     0.723644
      1.90920     0.732186
lcsol           6       0           4       0
      1.90920     0.732186
      1.90650     0.748574
      1.90366     0.765495
      1.90043     0.783263
      1.89600     0.802380
      1.89165     0.821996
      1.18352     0.230365
      1.17264     0.234186
      1.16154     0.237597
      1.15024     0.240483
      1.13872     0.242737
      1.12701     0.244234
      1.23751    -0.736707
      1.21505    -0.703522
      1.19693    -0.707138
      1.17843    -0.708788
      1.15976    -0.708706
      1.14108    -0.707201
      1.29677     -1.13545
      1.17042     -1.09184
      1.13306     -1.05357
      1.10206     -1.02506
      1.07529     -1.00150
      1.05138    -0.981240
rcsol           6       0           4       0
      1.29677     -1.13545
      1.38765     -1.26376
      1.42852     -1.28162
      1.46134     -1.29605
      1.48974     -1.30822
      1.51524     -1.31908
      1.60068     -1.00226
      1.62394     -1.01124
      1.63487     -1.02826
      1.64827     -1.04321
      1.66249     -1.05709
      1.67699     -1.07022
      2.20545    -0.363284
      2.21295    -0.363760
      2.22015    -0.364945
      2.22718    -0.366548
      2.23418    -0.368222
      2.24122    -0.369823
      1.90920     0.732186
      1.90650     0.748574
      1.90366     0.765495
      1.90043     0.783263
      1.89600     0.802380
      1.89165     0.821996
lsol           6       0           3       0
      1.29677     -1.13545
      1.17042     -1.09184
      1.13306     -1.05357
      1.10206     -1.02506
      1.07529     -1.00150
      1.05138    -0.981240
      1.03796     -1.18975
      1.03693     -1.14822
      1.02852     -1.11101
      1.01776     -1.07829
      1.00622     -1.04968
     0.994272     -1.02448
      1.13858     -1.17345
      1.11707     -1.12366
      1.09572     -1.08212
      1.07383     -1.04882
      1.05281     -1.02144
      1.03321    -0.998023
rsol           6       0           3       0
      1.32425     -1.23332
      1.38866     -1.24414
      1.43369     -1.25250
      1.46962     -1.26220
      1.50013     -1.27225
      1.52714     -1.28224
      1.36817     -1.36978
      1.39653     -1.35507
      1.42636     -1.34776
      1.45530     -1.34552
      1.48248     -1.34662
      1.50781     -1.34984
      1.29677     -1.13545
      1.38765     -1.26376
      1.42852     -1.28162
      1.46134     -1.29605
      1.48974     -1.30822
      1.51524     -1.31908
lpf           6       0           3       0
      1.16264     -1.40695
      1.17429     -1.37457
      1.18806     -1.33882
      1.20543     -1.29763
      1.22898     -1.24619
      1.29677     -1.13545
      1.04891     -1.38377
      1.04965     -1.35153
      1.04895     -1.31527
      1.04645     -1.27515
      1.04199     -1.23255
      1.03796     -1.18975
      1.11879     -1.39340
      1.12619     -1.35950
      1.13339     -1.32173
      1.13977     -1.27863
      1.14280     -1.22878
      1.13858     -1.17345
rpf           6       0           3       0
      1.17061     -1.41002
      1.18455     -1.37897
      1.20324     -1.34597
      1.22871     -1.31026
      1.26671     -1.27234
      1.32425     -1.23332
      1.25558     -1.45685
      1.27149     -1.43617
      1.29105     -1.41623
      1.31346     -1.39749
      1.33933     -1.38131
      1.36817     -1.36978
      1.16264     -1.40695
      1.17429     -1.37457
      1.18806     -1.33882
      1.20543     -1.29763
      1.22898     -1.24619
      1.29677     -1.13545
